dp=10*10^-6;
rhop=3263;
beta=25*10^4;
vf=1*10^-3;
theta1=2.05;
theta2=3.031;
x0=290*10^-6;
y0=25*10^-6;
xn=0;
yn=0;



